#image Path

imgPath=img/mars.png

#level number

levelNo=2
#gravity 

gravity=30
bonusNo=0

maxVx=50

maxVy=50

x=0,0.083,0.13125,0.163,0.2375,0.2656,0.308,0.3375,0.38125,0.43125,0.4766,0.592,0.614,0.74,0.764,0.790,0.902,0.94,0.964,1


y=0.8625,0.76,0.8895,0.8,0.8,0.879,0.77,0.854,0.61875,0.8625,0.821,0.821,0.9479,0.8292,0.6083,0.834,0.821,0.5896,0.825,0.7604
landingsx=0.20,0.5,0.850,
landingsy=0.756,0.821,0.834,

